# id	left	top	right	bottom	texture_id
[SPRITES]
######## KOOPA GREEN ########
#LEFT
100111	1	18	16	45	50
100112	18	18	33	45	50

#RIGHT
100121	120	46	135	73	50
100122	103	46	118	73	50

###SHELL
#IDLE
100201	137	30	152	45	50

#MOVE
100202	154	30	169	45	50
100203	171	30	186	45	50
100204	188	30	203	45	50

#IDLE - vibrate
100211	136	30	151	45	50
100212	138	30	153	45	50

#COMING OUT
100200	244	435	261	450	10

######## KOOPA GREEN - PARA ########

102111	266	424	281	451	10
102112	287	424	302	451	10
102121	308	424	323	451	10
102122	330	424	345	451	10

102211	243	456	258	483	10
102212	222	456	237	483	10
102221	201	456	216	483	10
102222	179	456	194	483	10
######## KOOPA RED ########
#LEFT
101111	35	18	50	45	50
101112	52	18	67	45	50

#RIGHT
101121	86	46	101	73	50
101122	69	46	84	73	50

###SHELL
#IDLE
101201	205	30	220	45	50
#MOVE
101202	222	30	237	45	50
101203	239	30	254	45	50
101204	256	30	271	45	50

#IDLE -VIBRATE
101311	204	30	219	45	50
101312	206	30	221	45	50
101300	243	369	260	384	10

# ani_id	sprite1_id	time1	sprite2_id	time2	...
[ANIMATIONS]
#KOOPA GREEN - WALK LEFT & RIGHT
8001	100111	200	100112	200
8002	100121	200	100122	200

#KOOPA GREEN - SHELL IDLE & MOVE
8011	100201	100
8012	100201	100	100202	100	100203	100	100204	100

#KOOPA GREEN - IDLE VIBRATE
8020	100211	100	100212	100
8021	100200	50	100201	50

#KOOPA RED - WALK LEFT & RIGHT
8101	101111	200	101112	200
8102	101121	200	101122	200

#KOOPA RED - SHELL IDLE & MOVE
8111	101201	100
8112	101201	100	101202	100	101203	100	101204	100

#KOOPA RED - IDLE VIBRATE
8120	101311	100	101312	100
8121	101300	50	101201	50

#PARAKOOPA GREEN 
8201	102111	100	102112	100	102121	100	102122	100
8202	102211	100	102212	100	102221	100	102222	100