# id	left	top	right	bottom	texture_id
[SPRITES]
#####  BIG ###############
#IDLE
11121	216	242	229	269	0
11111	176	242	189	269	0

#WALKING RIGHT
11222	256	242	271	269	0
11223	295	244	310	269	0

#WALKING LEFT
11212	134	242	149	269	0
11213	95	244	110	269	0

#RUNNING RIGHT
11321	213	322	232	349	0
11322	253	322	272	349	0
11323	293	322	312	349	0

#RUNNING LEFT
11311	173	322	192	349	0
11312	133	322	152	349	0
11313	93	322	112	349	0

#JUMP WALK RIGHT & LEFT
11417	335	244	350	269	0
11413	55	244	70	269	0


#JUMP RUN RIGHT & LEFT
11427	333	364	352	389	0
11423	53	364	72	389	0

#SIT RIGHT & LEFT 
11521	376	248	389	265	0
11511	16	248	29	265	0

#BRACE RIGHT & LEFT 
11621	215	283	230	310	0
11611	175	283	190	310	0

#DIE
13001	15	209	30	224	0

############ SMALL ################
 #IDLE
12121	217	88	228	103	0
12111	177	88	188	103	0

#WALK RIGHT
12221	256	89	271	104	0

#WALK LEFT
12211	134	89	149	104	0

#RUN RIGHT
12321	215	169	230	184	0
12322	255	169	270	184	0

#RUN LEFT
12311	175	169	190	184	0
12312	135	169	150	184	0

#BRACE RIGHT & LEFT
12521	216	129	229	144	0
12511	176	129	189	144	0

#JUMP WALK RIGHT & LEFT 
12417	335	89	350	104	0
12413	55	89	70	104	0

#JUMP RUN RIGHT & LEFT 
12427	296	129	311	144	0
12423	94	129	109	144	0

# ani_id	sprite1_id	time1	sprite2_id	time2	...
[ANIMATIONS]
400	11121	100
401	11111	100

#WALKING RIGHT & LEFT 
500	11121	100	11222	100	11223	100
501	11111	100	11212	100	11213	100

#RUNNING RIGHT & LEFT
600	11321	50	11322	50	11323	50
601	11311	50	11312	50	11313	50

#JUMP WALK
700	11417	100
701	11413	100

#JUMP RUN
800	11427	100
801	11423	100

#SIT RIGHT & LEFT 
900	11521	100
901	11511	100

#BRACE RIGHT & LEFT 
1000	11621	100
1001	11611	100

#DIE
999	13001	100

################### SMALL #################
1100	12121	100
1102	12111	100


#WALK LEFT & RIGHT 
1200	12121	100	12221	100
1201	12111	100	12211	100

#RUN LEFT & RIGHT
1300	12321	100	12322	100
1301	12311	100	12312	100

#BRACE LEFT & RIGHT
1401	12511	100
1400	12521	100

#JUMP WALK
1500	12417	100
1501	12413	100

#JUMP RUN 
1601	12423	100
1600	12427	100