# id	left	top	right	bottom	texture_id
[SPRITES]
######## VENUS - TALL ########
#LEFT
91111	150	126	165	157	40
91112	167	126	182	157	40

91121	184	126	199	157	40
91122	201	126	216	157	40

#RIGHT
91211	411	186	426	217	40
91212	394	186	409	217	40

91221	377	186	392	217	40
91222	360	186	375	217	40

######## VENUS - SHORT ########
#LEFT
92111	220	100	235	123	40
92112	237	100	252	123	40

92121	254	100	269	123	40
92122	271	100	286	123	40

#RIGHT
92222	290	160	305	183	40
92221	307	160	322	183	40

92212	324	160	339	183	40
92211	341	160	356	183	40

######## PIRANHA - SHORT ########

93111	38	100	53	123	40
93112	57	100	72	123	40


# ani_id	sprite1_id	time1	sprite2_id	time2	...
[ANIMATIONS]
6001	91111	200	91112	200
6002	91121	200	91122	200

6011	91211	200	91212	200
6012	91221	200	91222	200

6101	92111	200	92112	200
6102	92121	200	92122	200

6111	92211	200	92212	200
6112	92221	200	92222	200

6200	93111	200	93112	200