# list of object assets to load in this scene
[ASSETS]
resources\background-element.txt
resources\UI.txt
resources\mario.txt
#
[BACKGROUND]
#x	y	row	col	id	(type)	(grid/real(1 mean real))
#type : <blank> : sprite, 2 : animation
#color
1	2	10	14	-19000
#border
1	1	1	14	-19010
0	2	10	1	-19001
16	184	1	14	-19020	1	1
15	2	10	1	-19002

0	1	1	1	-19011
15	1	1	1	-19012
0	184	1	1	-19021	1	1
240	184	1	1	-19022	1	1


#dancing bush
1	2	2	3	-1000	2
5	3	3	3	-1000	2
9	3	1	3	-1000	2
1	5	2	3	-1000	2
1	7	1	1	-1000	2
6	7	1	3	-1000	2
9	5	2	2	-1000	2
11	5	1	2	-1000	2
13	2	4	2	-1000	2
14	6	5	1	-1000	2

#orange bush
3	8	1	1	-21000
2	9	2	2	-21000
5	8	1	1	-21000
5	9	1	2	-21000

#river
9	7	1	1	-22011
11	6	1	1	-22011
13	6	1	1	-22012
11	7	1	1	-22022
13	10	1	1	-22022
9	10	1	1	-22021

10	7	1	1	-22010
12	6	1	1	-22010
10	10	1	3	-22020
9	8	2	1	-22001
13	7	3	1	-22001

#path
1	4	1	3	-25001
4	4	1	1	-25030
4	3	1	1	-25002

5	2	1	1	-25001
6	2	1	1	-25021
7	2	1	1	-25001
9	2	1	1	-25001
11	2	1	1	-25001
9	4	1	1	-25001
11	4	1	1	-25001
12	2	1	1	-25021
8	3	1	1	-25002
12	3	1	1	-25002
8	4	1	1	-25022
8	5	1	1	-25002
5	6	1	1	-25001
7	6	1	1	-25001
4	6	1	1	-25022
4	7	1	1	-25002
4	8	1	1	-25022
4	9	1	1	-25002
5	10	1	1	-25001
6	10	1	1	-25021
7	10	1	1	-25001
8	9	1	1	-25002
8	8	1	1	-25021
7	8	1	1	-25001
10	8	1	2	-25001
#castle
12	8	1	1	-23001
12	7	1	1	-23002
13	7	1	1	-1100	2
#bridge
9	8	1	1	-24000
#fortress
6	6	1	1	-26000
#spades
8	6	1	1	-27000
#mushromm house
12	4	1	1	-29000
6	8	1	1	-29000
#lock door
4	5	1	1	-28000
#start
2	4	1	1	-40000


[MAP_SETTINGS]
# origin point
ORIGIN	1	2
ROW	9
COL	14

[PATH]
# 0: blank, 1: path, 2: stop station
0	0	0	2	1	2	1	2	1	2	1	2	0	0
0	0	0	1	0	0	0	1	0	0	0	1	0	0
1	2	1	2	0	0	0	2	1	2	1	2	0	0
0	0	0	0	0	0	0	1	0	0	0	0	0	0
0	0	0	2	1	2	1	2	0	0	0	0	0	0
0	0	0	1	0	0	0	0	0	0	0	0	0	0
0	0	0	2	0	2	1	2	1	2	1	2	0	0
0	0	0	1	0	0	0	1	0	0	0	0	0	0
0	0	0	2	1	2	1	2	0	0	0	0	0	0

[PLAYER]
##note: x, y here are considered based on the coordinates of the map
#x	y
1	2

[PORTALS]
#		portal	scene_id
SCENE_ID	1	1
SCENE_ID	2	1
SCENE_ID	3	1
SCENE_ID	4	1
SCENE_ID	5	1
SCENE_ID	6	1
# 0: blank, -1: start, 1...n: portal
0	0	0	1	0	0	0	2	0	3	0	0	0	0
0	0	0	0	0	0	0	0	0	0	0	0	0	0
0	-1	0	0	0	0	0	0	0	4	0	0	0	0
0	0	0	0	0	0	0	0	0	0	0	0	0	0
0	0	0	0	0	0	0	0	0	0	0	0	0	0
0	0	0	0	0	0	0	0	0	0	0	0	0	0
0	0	0	0	0	0	0	0	0	0	0	0	0	0
0	0	0	0	0	0	0	0	0	0	0	0	0	0
0	0	0	5	0	0	0	6	0	0	0	0	0	0

